0.67843,0.92157,1
0.6893,0.88404,0.94321
0.70016,0.84651,0.88642
0.71102,0.80898,0.82963
0.72189,0.77145,0.77284
0.73275,0.73391,0.71605
0.74362,0.69638,0.65926
0.75448,0.65885,0.60247
0.76534,0.62132,0.54568
0.77621,0.58379,0.48889
0.78707,0.54626,0.4321
0.79794,0.50873,0.37531
0.8088,0.4712,0.31852
0.81008,0.46678,0.31184
0.81136,0.46237,0.30516
0.81264,0.45795,0.29847
0.81391,0.45354,0.29179
0.81519,0.44912,0.28511
0.81647,0.44471,0.27843
0.81775,0.44029,0.27175
0.81903,0.43588,0.26507
0.82031,0.43146,0.25839
0.82158,0.42704,0.25171
0.82286,0.42263,0.24503
0.82414,0.41821,0.23834
0.82542,0.4138,0.23166
0.8267,0.40938,0.22498
0.82797,0.40497,0.2183
0.82925,0.40055,0.21162
0.83053,0.39614,0.20494
0.83181,0.39172,0.19826
0.83309,0.38731,0.19158
0.83436,0.38289,0.18489
0.83564,0.37847,0.17821
0.83692,0.37406,0.17153
0.8382,0.36964,0.16485
0.83948,0.36523,0.15817
0.84076,0.36081,0.15149
0.84203,0.3564,0.14481
0.84331,0.35198,0.13813
0.84459,0.34757,0.13145
0.84587,0.34315,0.12476
0.84715,0.33874,0.11808
0.84842,0.33432,0.1114
0.8497,0.32991,0.10472
0.85098,0.32549,0.098039
0.85169,0.32394,0.097572
0.8524,0.32239,0.097106
0.85311,0.32084,0.096639
0.85382,0.31929,0.096172
0.85453,0.31774,0.095705
0.85524,0.31619,0.095238
0.85595,0.31464,0.094771
0.85666,0.31309,0.094304
0.85737,0.31154,0.093838
0.85808,0.30999,0.093371
0.85879,0.30844,0.092904
0.8595,0.30689,0.092437
0.86021,0.30534,0.09197
0.86092,0.30379,0.091503
0.86162,0.30224,0.091036
0.86233,0.30069,0.09057
0.86304,0.29914,0.090103
0.86375,0.29759,0.089636
0.86446,0.29604,0.089169
0.86517,0.29449,0.088702
0.86588,0.29294,0.088235
0.86659,0.29139,0.087768
0.8673,0.28984,0.087302
0.86801,0.28829,0.086835
0.86872,0.28674,0.086368
0.86943,0.28519,0.085901
0.87014,0.28364,0.085434
0.87085,0.28209,0.084967
0.87156,0.28054,0.0845
0.87227,0.27899,0.084034
0.87298,0.27744,0.083567
0.87369,0.27589,0.0831
0.8744,0.27434,0.082633
0.87511,0.27279,0.082166
0.87582,0.27124,0.081699
0.87653,0.26969,0.081232
0.87724,0.26814,0.080766
0.87795,0.26659,0.080299
0.87866,0.26504,0.079832
0.87937,0.26349,0.079365
0.88007,0.26194,0.078898
0.88078,0.26039,0.078431
0.88149,0.25884,0.077965
0.8822,0.25729,0.077498
0.88291,0.25574,0.077031
0.88362,0.25419,0.076564
0.88433,0.25264,0.076097
0.88504,0.25109,0.07563
0.88575,0.24954,0.075163
0.88646,0.24799,0.074697
0.88717,0.24644,0.07423
0.88788,0.24489,0.073763
0.88859,0.24334,0.073296
0.8893,0.24179,0.072829
0.89001,0.24024,0.072362
0.89072,0.23869,0.071895
0.89143,0.23714,0.071429
0.89214,0.23559,0.070962
0.89285,0.23404,0.070495
0.89356,0.23249,0.070028
0.89427,0.23094,0.069561
0.89498,0.22939,0.069094
0.89569,0.22784,0.068627
0.8964,0.22629,0.068161
0.89711,0.22474,0.067694
0.89782,0.22319,0.067227
0.89852,0.22164,0.06676
0.89923,0.22009,0.066293
0.89994,0.21854,0.065826
0.90065,0.21699,0.065359
0.90136,0.21544,0.064893
0.90207,0.21389,0.064426
0.90278,0.21234,0.063959
0.90349,0.21079,0.063492
0.9042,0.20924,0.063025
0.90491,0.20769,0.062558
0.90562,0.20614,0.062092
0.90633,0.20459,0.061625
0.90704,0.20304,0.061158
0.90775,0.20149,0.060691
0.90846,0.19994,0.060224
0.90917,0.19839,0.059757
0.90988,0.19684,0.05929
0.91059,0.19529,0.058824
0.9113,0.19374,0.058357
0.91201,0.19219,0.05789
0.91272,0.19064,0.057423
0.91343,0.18909,0.056956
0.91414,0.18754,0.056489
0.91485,0.18599,0.056022
0.91556,0.18444,0.055556
0.91627,0.18289,0.055089
0.91697,0.18134,0.054622
0.91768,0.17979,0.054155
0.91839,0.17824,0.053688
0.9191,0.17669,0.053221
0.91981,0.17514,0.052754
0.92052,0.17359,0.052288
0.92123,0.17204,0.051821
0.92194,0.17049,0.051354
0.92265,0.16894,0.050887
0.92336,0.16739,0.05042
0.92407,0.16585,0.049953
0.92478,0.1643,0.049486
0.92549,0.16275,0.04902
0.9262,0.1612,0.048553
0.92691,0.15965,0.048086
0.92762,0.1581,0.047619
0.92833,0.15655,0.047152
0.92904,0.155,0.046685
0.92975,0.15345,0.046218
0.93046,0.1519,0.045752
0.93117,0.15035,0.045285
0.93188,0.1488,0.044818
0.93259,0.14725,0.044351
0.9333,0.1457,0.043884
0.93401,0.14415,0.043417
0.93472,0.1426,0.042951
0.93542,0.14105,0.042484
0.93613,0.1395,0.042017
0.93684,0.13795,0.04155
0.93755,0.1364,0.041083
0.93826,0.13485,0.040616
0.93897,0.1333,0.040149
0.93968,0.13175,0.039683
0.94039,0.1302,0.039216
0.9411,0.12865,0.038749
0.94181,0.1271,0.038282
0.94252,0.12555,0.037815
0.94323,0.124,0.037348
0.94394,0.12245,0.036881
0.94465,0.1209,0.036415
0.94536,0.11935,0.035948
0.94607,0.1178,0.035481
0.94678,0.11625,0.035014
0.94749,0.1147,0.034547
0.9482,0.11315,0.03408
0.94891,0.1116,0.033613
0.94962,0.11005,0.033147
0.95033,0.1085,0.03268
0.95104,0.10695,0.032213
0.95175,0.1054,0.031746
0.95246,0.10385,0.031279
0.95317,0.1023,0.030812
0.95387,0.10075,0.030345
0.95458,0.099197,0.029879
0.95529,0.097647,0.029412
0.956,0.096097,0.028945
0.95671,0.094547,0.028478
0.95742,0.092997,0.028011
0.95813,0.091447,0.027544
0.95884,0.089897,0.027077
0.95955,0.088347,0.026611
0.96026,0.086797,0.026144
0.96097,0.085247,0.025677
0.96168,0.083697,0.02521
0.96239,0.082148,0.024743
0.9631,0.080598,0.024276
0.96381,0.079048,0.02381
0.96452,0.077498,0.023343
0.96523,0.075948,0.022876
0.96594,0.074398,0.022409
0.96665,0.072848,0.021942
0.96736,0.071298,0.021475
0.96807,0.069748,0.021008
0.96878,0.068198,0.020542
0.96949,0.066648,0.020075
0.9702,0.065098,0.019608
0.97091,0.063548,0.019141
0.97162,0.061998,0.018674
0.97232,0.060448,0.018207
0.97303,0.058898,0.01774
0.97374,0.057348,0.017274
0.97445,0.055798,0.016807
0.97516,0.054248,0.01634
0.97587,0.052698,0.015873
0.97658,0.051148,0.015406
0.97729,0.049599,0.014939
0.978,0.048049,0.014472
0.97871,0.046499,0.014006
0.97942,0.044949,0.013539
0.98013,0.043399,0.013072
0.98084,0.041849,0.012605
0.98155,0.040299,0.012138
0.98226,0.038749,0.011671
0.98297,0.037199,0.011204
0.98368,0.035649,0.010738
0.98439,0.034099,0.010271
0.9851,0.032549,0.0098039
0.98581,0.030999,0.0093371
0.98652,0.029449,0.0088702
0.98723,0.027899,0.0084034
0.98794,0.026349,0.0079365
0.98865,0.024799,0.0074697
0.98936,0.023249,0.0070028
0.99007,0.021699,0.0065359
0.99077,0.020149,0.0060691
0.99148,0.018599,0.0056022
0.99219,0.017049,0.0051354
0.9929,0.0155,0.0046685
0.99361,0.01395,0.0042017
0.99432,0.0124,0.0037348
0.99503,0.01085,0.003268
0.99574,0.0092997,0.0028011
0.99645,0.0077498,0.0023343
0.99716,0.0061998,0.0018674
0.99787,0.0046499,0.0014006
0.99858,0.0030999,0.00093371
0.99929,0.00155,0.00046685
1,0,0
