0.21961,0.31373,0.45098
0.23873,0.33913,0.47391
0.25786,0.36452,0.49683
0.27698,0.38992,0.51976
0.29611,0.41532,0.54268
0.31524,0.44072,0.56561
0.33436,0.46612,0.58854
0.35349,0.49152,0.61146
0.37261,0.51692,0.63439
0.39174,0.54232,0.65732
0.41086,0.56772,0.68024
0.42999,0.59312,0.70317
0.44911,0.61852,0.72609
0.46824,0.64392,0.74902
0.47606,0.64916,0.75271
0.48388,0.65439,0.7564
0.4917,0.65963,0.76009
0.49952,0.66487,0.76378
0.50734,0.6701,0.76748
0.51516,0.67534,0.77117
0.52298,0.68058,0.77486
0.5308,0.68582,0.77855
0.53863,0.69105,0.78224
0.54645,0.69629,0.78593
0.55427,0.70153,0.78962
0.56209,0.70676,0.79331
0.56991,0.712,0.79701
0.57773,0.71724,0.8007
0.58555,0.72247,0.80439
0.59337,0.72771,0.80808
0.60119,0.73295,0.81177
0.60901,0.73818,0.81546
0.61683,0.74342,0.81915
0.62465,0.74866,0.82284
0.63247,0.75389,0.82653
0.64029,0.75913,0.83023
0.64811,0.76437,0.83392
0.65593,0.76961,0.83761
0.66376,0.77484,0.8413
0.67158,0.78008,0.84499
0.6794,0.78532,0.84868
0.68722,0.79055,0.85237
0.69504,0.79579,0.85606
0.70286,0.80103,0.85976
0.71068,0.80626,0.86345
0.7185,0.8115,0.86714
0.71964,0.81227,0.86768
0.72078,0.81303,0.86822
0.72193,0.8138,0.86876
0.72307,0.81456,0.86929
0.72421,0.81533,0.86983
0.72535,0.81609,0.87037
0.7265,0.81686,0.87091
0.72764,0.81762,0.87145
0.72878,0.81838,0.87199
0.72992,0.81915,0.87253
0.73107,0.81991,0.87307
0.73221,0.82068,0.87361
0.73335,0.82144,0.87415
0.73449,0.82221,0.87469
0.73564,0.82297,0.87523
0.73678,0.82374,0.87576
0.73792,0.8245,0.8763
0.73906,0.82527,0.87684
0.74021,0.82603,0.87738
0.74135,0.8268,0.87792
0.74249,0.82756,0.87846
0.74363,0.82833,0.879
0.74477,0.82909,0.87954
0.74592,0.82986,0.88008
0.74706,0.83062,0.88062
0.7482,0.83139,0.88116
0.74934,0.83215,0.8817
0.75049,0.83292,0.88223
0.75163,0.83368,0.88277
0.75277,0.83445,0.88331
0.75391,0.83521,0.88385
0.75506,0.83598,0.88439
0.7562,0.83674,0.88493
0.75734,0.83751,0.88547
0.75848,0.83827,0.88601
0.75963,0.83904,0.88655
0.76077,0.8398,0.88709
0.76191,0.84057,0.88763
0.76305,0.84133,0.88817
0.7642,0.8421,0.8887
0.76534,0.84286,0.88924
0.76648,0.84363,0.88978
0.76762,0.84439,0.89032
0.76876,0.84516,0.89086
0.76991,0.84592,0.8914
0.77105,0.84669,0.89194
0.77219,0.84745,0.89248
0.77333,0.84822,0.89302
0.77448,0.84898,0.89356
0.77562,0.84975,0.8941
0.77676,0.85051,0.89464
0.7779,0.85128,0.89518
0.77905,0.85204,0.89571
0.78019,0.85281,0.89625
0.78133,0.85357,0.89679
0.78247,0.85434,0.89733
0.78362,0.8551,0.89787
0.78476,0.85587,0.89841
0.7859,0.85663,0.89895
0.78704,0.8574,0.89949
0.78819,0.85816,0.90003
0.78933,0.85893,0.90057
0.79047,0.85969,0.90111
0.79161,0.86046,0.90165
0.79276,0.86122,0.90218
0.7939,0.86199,0.90272
0.79504,0.86275,0.90326
0.79618,0.86352,0.9038
0.79732,0.86428,0.90434
0.79847,0.86505,0.90488
0.79961,0.86581,0.90542
0.80075,0.86658,0.90596
0.80189,0.86734,0.9065
0.80304,0.86811,0.90704
0.80418,0.86887,0.90758
0.80532,0.86964,0.90812
0.80646,0.8704,0.90865
0.80761,0.87117,0.90919
0.80875,0.87193,0.90973
0.80989,0.8727,0.91027
0.81103,0.87346,0.91081
0.81218,0.87423,0.91135
0.81332,0.87499,0.91189
0.81446,0.87576,0.91243
0.8156,0.87652,0.91297
0.81675,0.87729,0.91351
0.81789,0.87805,0.91405
0.81903,0.87882,0.91459
0.82017,0.87958,0.91513
0.82131,0.88035,0.91566
0.82246,0.88111,0.9162
0.8236,0.88188,0.91674
0.82474,0.88264,0.91728
0.82588,0.88341,0.91782
0.82703,0.88417,0.91836
0.82817,0.88494,0.9189
0.82931,0.8857,0.91944
0.83045,0.88647,0.91998
0.8316,0.88723,0.92052
0.83274,0.888,0.92106
0.83388,0.88876,0.9216
0.83502,0.88953,0.92213
0.83617,0.89029,0.92267
0.83731,0.89106,0.92321
0.83845,0.89182,0.92375
0.83959,0.89259,0.92429
0.84114,0.89362,0.92502
0.84268,0.89465,0.92575
0.84422,0.89569,0.92648
0.84576,0.89672,0.9272
0.8473,0.89775,0.92793
0.84885,0.89878,0.92866
0.85039,0.89982,0.92939
0.85193,0.90085,0.93011
0.85347,0.90188,0.93084
0.85502,0.90292,0.93157
0.85656,0.90395,0.9323
0.8581,0.90498,0.93303
0.85964,0.90601,0.93375
0.86119,0.90705,0.93448
0.86273,0.90808,0.93521
0.86427,0.90911,0.93594
0.86581,0.91015,0.93667
0.86736,0.91118,0.93739
0.8689,0.91221,0.93812
0.87044,0.91324,0.93885
0.87198,0.91428,0.93958
0.87353,0.91531,0.94031
0.87507,0.91634,0.94103
0.87661,0.91737,0.94176
0.87815,0.91841,0.94249
0.87969,0.91944,0.94322
0.88124,0.92047,0.94395
0.88278,0.92151,0.94467
0.88432,0.92254,0.9454
0.88586,0.92357,0.94613
0.88741,0.9246,0.94686
0.88895,0.92564,0.94759
0.89049,0.92667,0.94831
0.89203,0.9277,0.94904
0.89358,0.92874,0.94977
0.89512,0.92977,0.9505
0.89666,0.9308,0.95123
0.8982,0.93183,0.95195
0.89975,0.93287,0.95268
0.90129,0.9339,0.95341
0.90283,0.93493,0.95414
0.90437,0.93597,0.95487
0.90592,0.937,0.95559
0.90746,0.93803,0.95632
0.909,0.93906,0.95705
0.91054,0.9401,0.95778
0.91208,0.94113,0.95851
0.91363,0.94216,0.95923
0.91517,0.9432,0.95996
0.91671,0.94423,0.96069
0.91825,0.94526,0.96142
0.9198,0.94629,0.96215
0.92134,0.94733,0.96287
0.92288,0.94836,0.9636
0.92442,0.94939,0.96433
0.92597,0.95042,0.96506
0.92751,0.95146,0.96579
0.92905,0.95249,0.96651
0.93059,0.95352,0.96724
0.93214,0.95456,0.96797
0.93368,0.95559,0.9687
0.93522,0.95662,0.96943
0.93676,0.95765,0.97015
0.93831,0.95869,0.97088
0.93985,0.95972,0.97161
0.94139,0.96075,0.97234
0.94293,0.96179,0.97307
0.94447,0.96282,0.97379
0.94602,0.96385,0.97452
0.94756,0.96488,0.97525
0.9491,0.96592,0.97598
0.95064,0.96695,0.9767
0.95219,0.96798,0.97743
0.95373,0.96902,0.97816
0.95527,0.97005,0.97889
0.95681,0.97108,0.97962
0.95836,0.97211,0.98034
0.9599,0.97315,0.98107
0.96144,0.97418,0.9818
0.96298,0.97521,0.98253
0.96453,0.97625,0.98326
0.96607,0.97728,0.98398
0.96761,0.97831,0.98471
0.96915,0.97934,0.98544
0.97069,0.98038,0.98617
0.97224,0.98141,0.9869
0.97378,0.98244,0.98762
0.97532,0.98347,0.98835
0.97686,0.98451,0.98908
0.97841,0.98554,0.98981
0.97995,0.98657,0.99054
0.98149,0.98761,0.99126
0.98303,0.98864,0.99199
0.98458,0.98967,0.99272
0.98612,0.9907,0.99345
0.98766,0.99174,0.99418
0.9892,0.99277,0.9949
0.99075,0.9938,0.99563
0.99229,0.99484,0.99636
0.99383,0.99587,0.99709
0.99537,0.9969,0.99782
0.99692,0.99793,0.99854
0.99846,0.99897,0.99927
1,1,1
